flexframegen:
  head          : 7 symbols
  preamble      : 64
  header        : 231 symbols (20 bytes)
  payload       : 2160 symbols (480 bytes)
    payload crc : none
    fec (inner) : none
    fec (outer) : SEC-DEC(72,64)
    mod scheme  : qpsk
  tail          : 7 symbols
  total         : 2469 symbols
  efficiency    : 1.56 bits/second/Hz
BursERRORPercent;SNRdB;bitErrorRate_0;bitErrorRate_1;bitErrorRate_2;bitErrorRate_3;bitErrorRate_4;bitErrorRate_5;bitErrorRate_6;bitErrorRate_7;bitErrorRate_8;bitErrorRate_9;Valid Header,Detected Frame
0.100000;8.000000;71;49;36;56;64;56;59;55;67;37;1;1 
0.100000;7.900000;64;58;68;54;63;47;53;42;46;48;1;1 
0.100000;7.800000;50;42;74;49;67;44;42;44;60;66;1;1 
0.100000;7.700000;52;54;63;43;80;55;49;45;58;74;1;1 
0.100000;7.600000;73;68;57;76;45;55;57;51;69;76;1;1 
0.100000;7.500000;70;51;42;58;48;65;66;54;64;81;1;1 
0.100000;7.400001;76;49;82;60;74;65;61;46;55;66;1;1 
0.100000;7.300001;67;74;51;60;46;74;47;85;59;76;1;1 
0.100000;7.200001;61;65;51;64;62;66;59;58;68;52;1;1 
0.100000;7.100001;73;61;64;90;74;64;72;73;67;81;1;1 
0.100000;7.000001;64;60;66;78;81;69;62;88;75;64;1;1 
0.100000;6.900001;51;57;73;64;59;96;64;58;60;94;1;1 
0.100000;6.800001;73;76;95;74;77;84;68;71;70;70;1;1 
0.100000;6.700001;76;80;94;80;78;74;101;85;81;70;1;1 
0.100000;6.600001;63;89;83;80;82;100;78;78;66;64;1;1 
0.100000;6.500001;75;72;78;86;80;77;88;92;64;87;1;1 
0.100000;6.400002;91;89;81;83;63;81;106;97;79;48;1;1 
0.100000;6.300002;78;73;83;84;85;66;95;93;101;67;1;1 
0.100000;6.200002;86;93;78;85;90;104;106;85;77;104;1;1 
0.100000;6.100002;93;96;114;100;98;82;107;91;83;96;1;1 
0.100000;6.000002;114;110;114;86;98;85;104;107;104;94;1;1 
0.100000;5.900002;92;77;100;94;107;91;105;82;89;86;1;1 
0.100000;5.800002;108;85;75;115;108;72;101;124;103;90;1;1 
0.100000;5.700002;97;103;88;105;97;105;85;88;101;103;1;1 
0.100000;5.600002;90;108;110;91;98;80;88;111;122;114;1;1 
0.100000;5.500002;116;99;92;127;127;126;105;100;129;113;1;1 
0.100000;5.400002;113;109;118;118;87;95;120;104;107;95;1;1 
0.100000;5.300003;128;133;146;129;113;119;101;95;107;126;1;1 
0.100000;5.200003;135;103;124;130;91;121;93;125;110;122;1;1 
0.100000;5.100003;130;118;139;136;134;129;114;136;122;112;1;1 
0.100000;5.000003;124;108;123;108;134;105;137;114;131;118;1;1 
0.100000;4.900003;146;127;129;111;145;127;129;121;131;137;1;1 
0.100000;4.800003;144;124;145;113;140;139;161;128;131;142;1;1 
0.100000;4.700003;128;124;127;120;160;126;146;134;116;135;1;1 
0.100000;4.600003;145;127;137;116;133;140;133;-1;140;156;1;1 
0.100000;4.500003;133;154;126;141;130;153;146;146;148;142;1;1 
0.100000;4.400003;134;159;167;131;158;144;163;151;120;157;1;1 
0.100000;4.300004;153;171;152;151;164;165;152;176;156;169;1;1 
0.100000;4.200004;173;147;175;140;146;167;144;132;165;149;1;1 
0.100000;4.100004;185;152;190;174;144;157;159;145;136;159;1;1 
0.100000;4.000004;152;146;160;190;174;190;159;171;171;144;1;1 
0.100000;3.900004;183;166;176;181;171;189;183;172;178;184;1;1 
0.100000;3.800004;201;163;199;181;171;169;174;180;183;145;1;1 
0.100000;3.700004;175;166;181;194;179;176;161;200;173;226;1;1 
0.100000;3.600004;211;209;190;180;168;178;164;193;190;175;1;1 
0.100000;3.500004;205;215;230;182;179;191;188;156;198;175;1;1 
0.100000;3.400004;242;257;196;189;207;195;200;197;207;221;1;1 
0.100000;3.300004;216;1642;186;201;203;206;194;1922;-1;247;1;1 
0.100000;3.200005;215;178;231;198;190;199;209;190;197;201;1;1 
0.100000;3.100005;245;197;210;-1;227;218;216;226;225;200;1;1 
0.100000;3.000005;223;234;218;235;213;221;227;248;206;231;1;1 
0.100000;2.900005;1943;224;228;209;219;193;216;192;219;216;1;1 
0.100000;2.800005;222;226;219;237;252;-1;-1;219;224;216;1;1 
0.100000;2.700005;266;1905;10459;1831;228;207;242;-1;362;227;1;1 
0.100000;2.600005;255;-1;10134;-1;237;1897;230;217;272;232;1;1 
0.100000;2.500005;239;-1;243;-1;252;241;1871;267;3945;213;1;1 
0.100000;2.400005;-1;246;255;244;-1;-1;281;277;224;263;1;1 
0.100000;2.300005;257;284;10050;279;257;287;263;260;249;1904;1;1 
0.100000;2.200006;279;1951;288;10055;276;1831;254;265;249;6007;1;1 
0.100000;2.100006;259;298;272;363;265;280;281;272;281;258;1;1 
0.100000;2.000006;1912;284;293;10115;279;287;295;-1;264;-1;1;1 
0.100000;1.900006;262;292;293;279;291;300;287;-1;1985;303;1;1 
0.100000;1.800006;334;-1;286;300;271;315;-1;247;297;376;1;1 
0.100000;1.700006;292;278;1898;333;-1;1840;10066;-1;317;297;1;1 
0.100000;1.600006;305;332;-1;282;302;337;1817;4128;-1;1943;1;1 
0.100000;1.500006;-1;352;1657;310;4009;361;1909;316;339;1921;1;1 
0.100000;1.400006;281;342;384;-1;-1;339;10090;-1;314;319;1;1 
0.100000;1.300006;299;336;1821;-1;337;346;1881;339;335;-1;1;1 
0.100000;1.200006;345;-1;380;354;318;344;-1;1939;427;345;1;1 
0.100000;1.100006;378;373;1892;-1;1863;-1;347;894;380;-1;1;1 
0.100000;1.000005;336;399;350;-1;391;369;367;347;358;1932;1;1 
0.100000;0.900005;402;-1;429;-1;-1;361;353;354;-1;1875;1;1 
0.100000;0.800005;367;364;406;380;1906;1026;-1;1651;-1;-1;1;1 
0.100000;0.700005;-1;-1;-1;361;1901;397;-1;-1;1914;1897;1;1 
0.100000;0.600005;-1;-1;-1;-1;-1;-1;395;1888;-1;402;1;1 
0.100000;0.500005;433;1485;379;414;926;1912;-1;405;-1;-1;1;1 
0.100000;0.400005;6057;1887;-1;433;402;-1;658;-1;-1;1478;1;1 
0.100000;0.300005;477;5956;-1;1704;10210;-1;1948;-1;428;-1;1;1 
0.100000;0.200005;-1;460;-1;-1;6077;447;5968;437;492;1050;1;1 
0.100000;0.100005;451;-1;-1;1765;-1;18478;-1;10299;-1;-1;1;1 
0.100000;0.000005;-1;-1;-1;-1;-1;-1;2123;-1;-1;1411;1;1 
