flexframegen:
  head          : 7 symbols
  preamble      : 64
  header        : 231 symbols (20 bytes)
  payload       : 9600 symbols (480 bytes)
    payload crc : none
    fec (inner) : none
    fec (outer) : repeat(5)
    mod scheme  : qpsk
  tail          : 7 symbols
  total         : 9909 symbols
  efficiency    : 0.39 bits/second/Hz
BursERRORPercent;SNRdB;bitErrorRate_0;bitErrorRate_1;bitErrorRate_2;bitErrorRate_3;bitErrorRate_4;bitErrorRate_5;bitErrorRate_6;bitErrorRate_7;bitErrorRate_8;bitErrorRate_9;Valid Header,Detected Frame
0.100000;8.000000;1;0;0;0;0;0;0;0;1;0;1;1 
0.100000;7.900000;0;0;1;1;1;0;0;0;1;3;1;1 
0.100000;7.800000;1;0;0;0;1;0;1;1;0;0;1;1 
0.100000;7.700000;0;0;1;0;0;1;1;1;0;0;1;1 
0.100000;7.600000;0;0;0;1;0;1;0;0;0;0;1;1 
0.100000;7.500000;0;0;0;0;0;0;1;0;0;0;1;1 
0.100000;7.400001;0;0;1;1;1;0;2;2;0;0;1;1 
0.100000;7.300001;0;0;1;0;0;1;0;1;1;0;1;1 
0.100000;7.200001;0;1;0;0;1;0;0;2;1;1503;1;1 
0.100000;7.100001;1;1;1;2;1;0;0;0;1;0;1;1 
0.100000;7.000001;0;0;0;0;1;0;0;0;0;0;1;1 
0.100000;6.900001;0;0;0;0;0;1;0;3;0;0;1;1 
0.100000;6.800001;0;1;1;3;1;2;0;1;0;1;1;1 
0.100000;6.700001;2;0;0;1;1;0;1;0;1;3;1;1 
0.100000;6.600001;0;1;0;0;1;0;0;1;1;0;1;1 
0.100000;6.500001;0;0;0;0;0;1;0;2;2;0;1;1 
0.100000;6.400002;0;0;1;2;1;0;1;1;1;1;1;1 
0.100000;6.300002;1;0;1;0;1;0;0;0;1;0;1;1 
0.100000;6.200002;0;1;0;0;1;1;2;1;0;1;1;1 
0.100000;6.100002;0;0;0;1;2;0;1;0;0;0;1;1 
0.100000;6.000002;0;0;2;0;3;0;1;2;1;1;1;1 
0.100000;5.900002;1;405;1;0;2;0;0;0;0;1;1;1 
0.100000;5.800002;0;0;1;1;1;1;0;0;0;0;1;1 
0.100000;5.700002;1;0;0;1;1;2;1;1;5;2;1;1 
0.100000;5.600002;0;4;1;1;57;0;0;1;0;0;1;1 
0.100000;5.500002;0;1;0;3;2;2;1;0;3;1;1;1 
0.100000;5.400002;2;1;4;2;0;2;0;0;3;2;1;1 
0.100000;5.300003;1;2;2;1;0;3;1;1;1;0;1;1 
0.100000;5.200003;873;0;1;1;2;1;3;2;2;0;1;1 
0.100000;5.100003;1;2;2;2;2;1;0;3;0;3;1;1 
0.100000;5.000003;0;2;0;1;1;2;3;2;3;1;1;1 
0.100000;4.900003;969;3;4;1;0;1;28;2;2;557;1;1 
0.100000;4.800003;1;1;2;1;0;3;3;37;1;3;1;1 
0.100000;4.700003;4;2;0;1107;0;4;0;1;3;4;1;1 
0.100000;4.600003;1;437;579;4;0;1;147;0;2;4;1;1 
0.100000;4.500003;2;2;0;3;6;3;1;2;0;4;1;1 
0.100000;4.400003;4;4;1;4;1;2;0;2;2;4;1;1 
0.100000;4.300004;-1;1;3;2;2;2;2;3;3;2;1;1 
0.100000;4.200004;5;3;0;3;2;3;3;1;4;1;1;1 
0.100000;4.100004;815;7;2;1;3;1;3;2;1;6;1;1 
0.100000;4.000004;2;3;332;4;1;1;1;1;6;1032;1;1 
0.100000;3.900004;2;3;828;1788;5;0;1;4;5;4;1;1 
0.100000;3.800004;4;2;4;4;4;4;5;1;4;3;1;1 
0.100000;3.700004;1;3;1054;2;4;1;2;1445;1939;2;1;1 
0.100000;3.600004;5;2;5;2;274;5;5;0;1657;5;1;1 
0.100000;3.500004;5;7;1;5;1;3;1548;1550;3;0;1;1 
0.100000;3.400004;2;4;6;5;5;4;17;2;8;3;1;1 
0.100000;3.300004;5;2;3;6;25;5;3;6;7;3;1;1 
0.100000;3.200005;4;294;7;-1;4;3;5;5;2;6;1;1 
0.100000;3.100005;5;10;8;5;27;10;7;5;3;8;1;1 
0.100000;3.000005;2;2;3;8;6;10;5;4;839;8;1;1 
0.100000;2.900005;7;2;7;1;4;353;4;5;4;1950;1;1 
0.100000;2.800005;4;8;1881;7;9;4;9;5;1020;1961;1;1 
0.100000;2.700005;11;5;103;-1;-1;7;7;6;4;11;1;1 
0.100000;2.600005;6;6;-1;71;9;12;-1;7;9;-1;1;1 
0.100000;2.500005;11;10;7;7;7;1645;6;1503;7;12;1;1 
0.100000;2.400005;12;1869;279;1934;17;11;7;7;11;5;1;1 
0.100000;2.300005;567;557;8;11;9;-1;15;-1;16;10;1;1 
0.100000;2.200006;4;7;6;6;-1;12;258;-1;6;-1;1;1 
0.100000;2.100006;432;9;-1;12;321;5;10;13;8;13;1;1 
0.100000;2.000006;17;601;12;9;-1;-1;1962;207;383;-1;1;1 
0.100000;1.900006;13;56;15;-1;20;1730;9;-1;-1;-1;1;1 
0.100000;1.800006;-1;13;17;15;14;18;10;-1;-1;1273;1;1 
0.100000;1.700006;1285;134;7;17;1800;9;15;15;13;9;1;1 
0.100000;1.600006;15;6;58;22;1377;19;-1;1728;1709;-1;1;1 
0.100000;1.500006;664;13;1925;18;21;-1;16;-1;-1;1905;1;1 
0.100000;1.400006;17;16;-1;20;17;38;-1;-1;20;3355;1;1 
0.100000;1.300006;20;16;17;24;1956;17;15;129;465;19;1;1 
0.100000;1.200006;17;-1;395;-1;23;-1;821;141;-1;-1;1;1 
0.100000;1.100006;91;682;-1;-1;5961;-1;355;23;1735;1401;1;1 
0.100000;1.000005;-1;1946;14;910;-1;-1;-1;1760;23;-1;1;1 
0.100000;0.900005;1393;-1;24;25;1759;24;-1;-1;1944;28;1;1 
0.100000;0.800005;1869;69;-1;1794;91;-1;-1;29;-1;1792;1;1 
0.100000;0.700005;227;1905;-1;-1;-1;-1;-1;-1;28;39;1;1 
0.100000;0.600005;-1;1847;-1;36;-1;1894;-1;-1;22;-1;1;1 
0.100000;0.500005;-1;-1;-1;1899;-1;1677;-1;1771;845;1524;1;1 
0.100000;0.400005;1414;38;1894;-1;-1;1417;-1;3997;-1;-1;1;1 
0.100000;0.300005;-1;-1;31;-1;-1;1906;-1;-1;-1;31;1;1 
0.100000;0.200005;-1;-1;1687;-1;-1;5882;1741;-1;-1;1966;1;1 
0.100000;0.100005;-1;-1;1686;-1;-1;-1;907;1199;-1;1905;1;1 
0.100000;0.000005;-1;-1;3936;-1;76;-1;1812;40;-1;-1;1;1 
