flexframegen:
  head          : 7 symbols
  preamble      : 64
  header        : 231 symbols (20 bytes)
  payload       : 2880 symbols (480 bytes)
    payload crc : none
    fec (inner) : none
    fec (outer) : Hamming(12,8)
    mod scheme  : qpsk
  tail          : 7 symbols
  total         : 3189 symbols
  efficiency    : 1.20 bits/second/Hz
BursERRORPercent;SNRdB;bitErrorRate_0;bitErrorRate_1;bitErrorRate_2;bitErrorRate_3;bitErrorRate_4;bitErrorRate_5;bitErrorRate_6;bitErrorRate_7;bitErrorRate_8;bitErrorRate_9;Valid Header,Detected Frame
0.050000;8.000000;4;4;8;1;6;0;3;10;3;0;1;1 
0.050000;7.900000;2;4;5;5;2;10;2;3;11;1;1;1 
0.050000;7.800000;6;4;4;1;8;10;4;1;3;8;1;1 
0.050000;7.700000;2;5;1;0;3;7;3;3;4;0;1;1 
0.050000;7.600000;5;1;3;7;0;8;3;5;13;7;1;1 
0.050000;7.500000;7;3;7;7;7;4;7;2;3;5;1;1 
0.050000;7.400001;5;2;6;4;0;8;2;1;10;8;1;1 
0.050000;7.300001;5;7;11;12;4;1;7;4;2;4;1;1 
0.050000;7.200001;6;4;13;6;4;2;3;7;0;2;1;1 
0.050000;7.100001;4;7;14;6;8;7;9;0;14;10;1;1 
0.050000;7.000001;8;5;5;5;2;14;8;4;3;6;1;1 
0.050000;6.900001;11;4;4;11;6;4;5;9;6;4;1;1 
0.050000;6.800001;7;13;8;3;14;2;11;6;11;0;1;1 
0.050000;6.700001;4;14;8;10;5;1;11;8;9;11;1;1 
0.050000;6.600001;3;3;11;4;6;2;6;7;8;5;1;1 
0.050000;6.500001;1;13;6;9;12;3;1;5;6;16;1;1 
0.050000;6.400002;12;14;8;0;3;3;12;5;8;9;1;1 
0.050000;6.300002;9;14;6;7;8;9;14;9;11;17;1;1 
0.050000;6.200002;10;15;9;11;10;15;8;10;13;17;1;1 
0.050000;6.100002;8;3;9;13;12;7;13;9;14;14;1;1 
0.050000;6.000002;11;16;4;5;18;17;5;15;16;4;1;1 
0.050000;5.900002;6;11;13;13;12;14;12;15;13;25;1;1 
0.050000;5.800002;12;13;17;10;5;15;11;22;21;15;1;1 
0.050000;5.700002;6;22;17;17;9;11;15;12;7;14;1;1 
0.050000;5.600002;7;15;14;22;16;17;11;13;20;13;1;1 
0.050000;5.500002;6;21;23;22;9;11;18;18;20;16;1;1 
0.050000;5.400002;16;13;20;20;20;13;10;8;20;12;1;1 
0.050000;5.300003;26;18;15;16;8;31;14;14;32;15;1;1 
0.050000;5.200003;20;17;27;11;5;17;20;28;24;19;1;1 
0.050000;5.100003;18;18;19;23;27;11;18;18;30;26;1;1 
0.050000;5.000003;17;21;25;14;19;41;25;24;17;23;1;1 
0.050000;4.900003;14;12;17;19;11;19;39;30;15;5;1;1 
0.050000;4.800003;25;22;20;16;18;32;27;30;15;39;1;1 
0.050000;4.700003;11;29;23;22;25;24;20;20;27;22;1;1 
0.050000;4.600003;36;13;41;27;18;24;22;31;24;36;1;1 
0.050000;4.500003;39;28;17;23;29;30;15;19;38;31;1;1 
0.050000;4.400003;26;39;27;9;33;45;42;33;18;40;1;1 
0.050000;4.300004;14;40;29;24;27;16;41;24;21;36;1;1 
0.050000;4.200004;34;50;29;24;39;27;36;35;29;37;1;1 
0.050000;4.100004;42;32;-1;38;41;29;21;39;30;20;1;1 
0.050000;4.000004;45;28;36;37;38;45;41;43;27;46;1;1 
0.050000;3.900004;30;39;52;40;38;49;44;1975;42;1968;1;1 
0.050000;3.800004;46;46;28;47;51;38;43;35;41;44;1;1 
0.050000;3.700004;60;27;31;29;49;41;57;45;31;48;1;1 
0.050000;3.600004;41;42;42;24;45;54;55;32;40;38;1;1 
0.050000;3.500004;43;56;61;48;54;57;45;37;43;58;1;1 
0.050000;3.400004;5944;-1;49;43;52;51;49;40;54;60;1;1 
0.050000;3.300004;61;56;50;54;54;54;62;67;60;81;1;1 
0.050000;3.200005;75;71;64;70;60;80;68;70;62;48;1;1 
0.050000;3.100005;68;61;65;65;50;78;77;44;78;60;1;1 
0.050000;3.000005;74;77;-1;64;-1;56;105;90;78;59;1;1 
0.050000;2.900005;102;76;-1;68;110;88;49;81;77;67;1;1 
0.050000;2.800005;73;89;81;73;74;-1;-1;77;80;84;1;1 
0.050000;2.700005;80;81;92;66;-1;1790;75;79;87;74;1;1 
0.050000;2.600005;-1;96;93;135;1625;104;92;120;96;79;1;1 
0.050000;2.500005;110;65;94;101;102;88;97;102;122;81;1;1 
0.050000;2.400005;121;101;113;1986;105;85;109;93;128;103;1;1 
0.050000;2.300005;1754;127;94;114;-1;127;99;107;116;99;1;1 
0.050000;2.200006;156;1985;115;1937;3064;1956;75;113;93;-1;1;1 
0.050000;2.100006;-1;-1;5984;149;116;3899;145;129;-1;1577;1;1 
0.050000;2.000006;111;128;177;132;123;115;128;1919;158;166;1;1 
0.050000;1.900006;196;131;134;146;117;118;1552;-1;172;145;1;1 
0.050000;1.800006;1983;187;133;147;-1;159;149;184;135;-1;1;1 
0.050000;1.700006;-1;1918;140;162;150;-1;163;105;-1;209;1;1 
0.050000;1.600006;-1;-1;173;-1;-1;186;138;-1;-1;172;1;1 
0.050000;1.500006;1934;145;1951;121;160;1898;161;-1;170;-1;1;1 
0.050000;1.400006;220;5972;184;168;161;149;198;193;1963;166;1;1 
0.050000;1.300006;202;175;-1;147;-1;211;154;221;195;-1;1;1 
0.050000;1.200006;-1;188;-1;1317;1973;-1;-1;173;-1;390;1;1 
0.050000;1.100006;202;216;182;238;227;218;-1;1882;162;-1;1;1 
0.050000;1.000005;281;-1;-1;916;-1;-1;-1;-1;184;-1;1;1 
0.050000;0.900005;1977;162;-1;-1;239;224;-1;1295;1913;1865;1;1 
0.050000;0.800005;-1;-1;1708;1856;231;-1;-1;262;-1;234;1;1 
0.050000;0.700005;-1;-1;235;1943;1891;1380;3927;-1;258;226;1;1 
0.050000;0.600005;257;1958;-1;306;-1;-1;-1;-1;271;254;1;1 
0.050000;0.500005;-1;1837;234;243;-1;264;1440;290;279;-1;1;1 
0.050000;0.400005;-1;3928;-1;265;286;230;-1;318;1908;280;1;1 
0.050000;0.300005;-1;-1;274;325;4030;1995;5869;-1;265;-1;1;1 
0.050000;0.200005;-1;340;1902;353;-1;-1;340;1337;311;1342;1;1 
0.050000;0.100005;1480;1884;1921;310;420;1668;2010;-1;1913;-1;1;1 
0.050000;0.000005;-1;5982;3945;-1;313;-1;-1;1642;-1;-1;1;1 
