flexframegen:
  head          : 7 symbols
  preamble      : 64
  header        : 231 symbols (20 bytes)
  payload       : 3840 symbols (480 bytes)
    payload crc : none
    fec (inner) : none
    fec (outer) : Golay(24,12)
    mod scheme  : qpsk
  tail          : 7 symbols
  total         : 4149 symbols
  efficiency    : 0.93 bits/second/Hz
BursERRORPercent;SNRdB;bitErrorRate_0;bitErrorRate_1;bitErrorRate_2;bitErrorRate_3;bitErrorRate_4;bitErrorRate_5;bitErrorRate_6;bitErrorRate_7;bitErrorRate_8;bitErrorRate_9;Valid Header,Detected Frame
0.050000;8.000000;0;0;0;0;0;0;0;0;0;0;1;1 
0.050000;7.900000;0;0;0;0;0;0;2;0;0;0;1;1 
0.050000;7.800000;0;0;0;0;0;0;0;0;0;0;1;1 
0.050000;7.700000;0;0;0;0;0;0;0;0;0;0;1;1 
0.050000;7.600000;0;0;0;0;0;0;0;0;0;0;1;1 
0.050000;7.500000;0;0;0;0;0;0;0;0;0;0;1;1 
0.050000;7.400001;0;0;0;0;0;0;0;0;0;0;1;1 
0.050000;7.300001;0;0;0;0;0;0;0;0;0;0;1;1 
0.050000;7.200001;0;0;2;0;0;0;0;0;0;0;1;1 
0.050000;7.100001;0;0;0;0;0;0;0;0;0;0;1;1 
0.050000;7.000001;0;0;0;4;0;0;0;0;0;0;1;1 
0.050000;6.900001;0;0;0;0;0;0;0;0;0;1;1;1 
0.050000;6.800001;0;0;0;2;0;0;0;0;0;0;1;1 
0.050000;6.700001;0;0;0;0;0;0;0;0;0;0;1;1 
0.050000;6.600001;0;0;0;0;0;0;0;0;0;0;1;1 
0.050000;6.500001;2;0;0;0;0;0;0;0;0;0;1;1 
0.050000;6.400002;0;0;0;0;0;0;0;0;3;0;1;1 
0.050000;6.300002;0;2;0;0;0;0;0;0;0;0;1;1 
0.050000;6.200002;0;0;0;0;0;0;0;0;0;0;1;1 
0.050000;6.100002;0;0;0;0;0;0;0;0;0;4;1;1 
0.050000;6.000002;2;0;0;0;0;0;0;0;0;6;1;1 
0.050000;5.900002;0;0;0;0;0;2;0;0;0;0;1;1 
0.050000;5.800002;0;0;0;0;0;2;1;0;6;0;1;1 
0.050000;5.700002;0;0;0;0;4;0;0;0;0;0;1;1 
0.050000;5.600002;0;0;0;0;2;0;0;0;0;3;1;1 
0.050000;5.500002;0;0;0;0;0;0;0;0;0;0;1;1 
0.050000;5.400002;0;3;4;0;0;0;2;0;0;0;1;1 
0.050000;5.300003;0;3;0;0;0;0;2;3;0;0;1;1 
0.050000;5.200003;0;2;0;0;2;0;0;0;0;0;1;1 
0.050000;5.100003;0;0;0;0;0;2;0;0;0;0;1;1 
0.050000;5.000003;0;0;0;0;4;0;0;3;0;0;1;1 
0.050000;4.900003;0;4;0;0;0;0;0;2;1;0;1;1 
0.050000;4.800003;0;3;6;0;2;3;0;0;1914;0;1;1 
0.050000;4.700003;0;4;0;3;0;0;0;0;0;0;1;1 
0.050000;4.600003;2;0;0;4;5;0;0;2;2;0;1;1 
0.050000;4.500003;1;3;0;0;0;0;2;6;0;1;1;1 
0.050000;4.400003;0;0;4;0;0;3;0;0;4;2;1;1 
0.050000;4.300004;2;0;2;2;3;0;0;0;0;2;1;1 
0.050000;4.200004;0;2;2;0;3;3;0;0;3;1;1;1 
0.050000;4.100004;6;0;9;0;5;1;0;2;7;0;1;1 
0.050000;4.000004;0;3;1;1;5;5;3;0;0;0;1;1 
0.050000;3.900004;3;4;-1;4;3;1;3;2;0;8;1;1 
0.050000;3.800004;3;3;4;6;3;6;5;6;1;6;1;1 
0.050000;3.700004;2;-1;11;5;7;4;8;2;2;12;1;1 
0.050000;3.600004;4;6;2;0;9;5;2;3;0;3;1;1 
0.050000;3.500004;10;5;-1;6;8;2;4;5;11;9;1;1 
0.050000;3.400004;13;4;4;2;9;5;5;2;12;12;1;1 
0.050000;3.300004;9;0;17;7;13;2;7;7;6;20;1;1 
0.050000;3.200005;12;12;11;8;4;6;6;16;6;5;1;1 
0.050000;3.100005;-1;14;7;20;1;6;1944;10;5;11;1;1 
0.050000;3.000005;-1;6;14;24;7;9;7;-1;13;7;1;1 
0.050000;2.900005;9;8;9;7;9;4;-1;-1;12;17;1;1 
0.050000;2.800005;19;15;14;18;15;5;4;9;16;11;1;1 
0.050000;2.700005;24;14;1916;15;19;11;7;26;11;17;1;1 
0.050000;2.600005;27;13;1496;28;-1;15;20;22;13;1;1;1 
0.050000;2.500005;14;23;26;25;10;14;17;24;16;14;1;1 
0.050000;2.400005;29;18;6;13;1882;28;19;34;10;16;1;1 
0.050000;2.300005;20;-1;1890;25;23;26;22;35;20;29;1;1 
0.050000;2.200006;26;43;-1;38;25;20;17;25;24;26;1;1 
0.050000;2.100006;29;-1;49;26;1896;32;39;31;32;-1;1;1 
0.050000;2.000006;30;34;34;43;-1;28;44;23;52;2003;1;1 
0.050000;1.900006;43;28;1534;-1;1882;1895;35;3516;21;19;1;1 
0.050000;1.800006;5964;31;34;24;40;905;-1;35;33;61;1;1 
0.050000;1.700006;66;1911;29;1964;50;36;-1;-1;887;28;1;1 
0.050000;1.600006;1651;38;-1;48;43;153;-1;59;6031;35;1;1 
0.050000;1.500006;-1;45;-1;56;46;-1;47;-1;-1;44;1;1 
0.050000;1.400006;-1;62;52;5971;92;46;1651;1885;76;78;1;1 
0.050000;1.300006;940;70;76;-1;69;-1;36;70;1813;-1;1;1 
0.050000;1.200006;1880;55;1790;71;1924;53;1967;78;72;74;1;1 
0.050000;1.100006;78;-1;100;-1;1796;1726;-1;-1;-1;73;1;1 
0.050000;1.000005;-1;-1;77;-1;-1;94;1403;85;1507;-1;1;1 
0.050000;0.900005;69;1916;-1;1797;-1;-1;1356;90;-1;-1;1;1 
0.050000;0.800005;-1;-1;1903;-1;1904;86;91;-1;84;-1;1;1 
0.050000;0.700005;1953;-1;94;113;1868;-1;-1;85;-1;-1;1;1 
0.050000;0.600005;142;1956;-1;1868;-1;-1;1846;135;-1;-1;1;1 
0.050000;0.500005;895;-1;1963;-1;1919;629;-1;131;-1;1921;1;1 
0.050000;0.400005;1994;-1;-1;-1;1947;158;-1;137;-1;-1;1;1 
0.050000;0.300005;-1;1922;-1;3968;-1;-1;1931;148;3937;-1;1;1 
0.050000;0.200005;-1;-1;-1;1892;1582;-1;-1;1373;175;155;1;1 
0.050000;0.100005;1923;-1;-1;-1;144;-1;-1;-1;-1;-1;1;1 
0.050000;0.000005;1931;-1;1649;-1;-1;-1;6020;221;1890;-1;1;1 
