flexframegen:
  head          : 7 symbols
  preamble      : 64
  header        : 231 symbols (20 bytes)
  payload       : 3840 symbols (480 bytes)
    payload crc : none
    fec (inner) : none
    fec (outer) : Hamming(8,4)
    mod scheme  : qpsk
  tail          : 7 symbols
  total         : 4149 symbols
  efficiency    : 0.93 bits/second/Hz
BursERRORPercent;SNRdB;bitErrorRate_0;bitErrorRate_1;bitErrorRate_2;bitErrorRate_3;bitErrorRate_4;bitErrorRate_5;bitErrorRate_6;bitErrorRate_7;bitErrorRate_8;bitErrorRate_9;Valid Header,Detected Frame
0.010000;8.000000;0;0;0;0;3;0;0;0;0;0;1;1 
0.010000;7.900000;0;0;3;0;1;0;0;0;0;0;1;1 
0.010000;7.800000;0;0;0;0;1;0;1;0;0;0;1;1 
0.010000;7.700000;0;0;0;0;0;0;2;0;0;0;1;1 
0.010000;7.600000;0;0;1;0;4;2;0;1;2;0;1;1 
0.010000;7.500000;0;0;0;0;0;0;0;0;1;0;1;1 
0.010000;7.400001;0;0;0;0;0;2;0;0;0;0;1;1 
0.010000;7.300001;0;0;0;0;0;0;0;0;0;2;1;1 
0.010000;7.200001;0;0;2;2;0;0;0;2;0;0;1;1 
0.010000;7.100001;0;0;0;0;0;0;0;1;2;0;1;1 
0.010000;7.000001;2;0;0;0;0;0;1;0;0;0;1;1 
0.010000;6.900001;2;0;0;0;0;0;0;0;0;0;1;1 
0.010000;6.800001;0;0;1;0;0;1;0;0;0;0;1;1 
0.010000;6.700001;0;0;0;3;0;0;0;0;0;0;1;1 
0.010000;6.600001;0;4;1;1;0;0;0;0;0;0;1;1 
0.010000;6.500001;2;2;1;0;2;0;2;0;0;0;1;1 
0.010000;6.400002;0;0;0;0;0;3;2;0;0;0;1;1 
0.010000;6.300002;0;0;0;0;3;0;1;0;0;0;1;1 
0.010000;6.200002;0;0;0;0;2;6;0;2;3;0;1;1 
0.010000;6.100002;0;0;0;2;2;0;0;1;2;0;1;1 
0.010000;6.000002;3;1;0;2;0;0;0;0;0;0;1;1 
0.010000;5.900002;3;0;0;2;2;0;3;1;3;0;1;1 
0.010000;5.800002;0;0;0;9;0;1;0;1;0;0;1;1 
0.010000;5.700002;0;0;0;5;0;0;4;2;1;3;1;1 
0.010000;5.600002;0;1;0;0;2;4;2;4;2;2;1;1 
0.010000;5.500002;0;3;1;7;1;2;0;3;3;0;1;1 
0.010000;5.400002;4;0;2;0;3;0;1;0;2;7;1;1 
0.010000;5.300003;0;0;0;5;2;4;1;2;2;0;1;1 
0.010000;5.200003;2;3;4;4;0;2;4;0;3;1;1;1 
0.010000;5.100003;3;5;0;2;11;5;4;1;0;2;1;1 
0.010000;5.000003;8;0;2;0;4;4;4;3;0;3;1;1 
0.010000;4.900003;6;3;7;4;3;-1;2;9;0;1;1;1 
0.010000;4.800003;7;2;1;7;3;0;1;4;4;2;1;1 
0.010000;4.700003;3;3;2;7;5;4;9;3;3;5;1;1 
0.010000;4.600003;12;5;7;2;3;5;7;3;3;7;1;1 
0.010000;4.500003;3;6;6;5;6;6;3;11;5;5;1;1 
0.010000;4.400003;3;3;5;0;9;7;9;9;8;6;1;1 
0.010000;4.300004;4;6;8;4;7;7;5;10;4;6;1;1 
0.010000;4.200004;9;3;11;4;6;11;18;7;9;4;1;1 
0.010000;4.100004;4;5;9;9;9;5;8;7;12;10;1;1 
0.010000;4.000004;11;11;11;12;10;9;4;5;13;13;1;1 
0.010000;3.900004;11;10;12;6;9;13;10;6;7;6;1;1 
0.010000;3.800004;13;6;11;6;6020;8;5;11;22;7;1;1 
0.010000;3.700004;13;8;9;-1;5;13;9;17;15;5;1;1 
0.010000;3.600004;9;14;12;16;4;15;5;20;18;17;1;1 
0.010000;3.500004;19;10;31;19;9;14;6;14;17;20;1;1 
0.010000;3.400004;17;8;16;5;25;13;22;16;28;14;1;1 
0.010000;3.300004;12;23;26;19;17;20;21;8;17;22;1;1 
0.010000;3.200005;16;16;877;18;15;20;19;-1;21;15;1;1 
0.010000;3.100005;18;30;37;21;25;16;25;23;1950;26;1;1 
0.010000;3.000005;-1;25;25;-1;31;28;31;17;24;11;1;1 
0.010000;2.900005;38;26;1945;40;15;5999;25;37;31;33;1;1 
0.010000;2.800005;21;29;37;25;35;19;36;-1;33;27;1;1 
0.010000;2.700005;18;27;26;29;33;23;27;31;4003;23;1;1 
0.010000;2.600005;25;29;33;46;33;41;35;24;38;40;1;1 
0.010000;2.500005;26;41;37;34;47;33;42;1934;45;43;1;1 
0.010000;2.400005;61;46;34;43;-1;38;24;47;37;67;1;1 
0.010000;2.300005;-1;49;47;35;36;25;60;42;36;52;1;1 
0.010000;2.200006;41;1790;48;44;49;36;35;49;1926;-1;1;1 
0.010000;2.100006;54;-1;50;-1;43;39;25;-1;35;54;1;1 
0.010000;2.000006;46;55;1866;63;57;-1;65;55;58;62;1;1 
0.010000;1.900006;-1;52;59;-1;-1;72;-1;-1;-1;70;1;1 
0.010000;1.800006;1930;78;79;70;-1;66;71;-1;78;96;1;1 
0.010000;1.700006;85;81;-1;-1;-1;61;-1;78;-1;81;1;1 
0.010000;1.600006;69;81;68;103;1911;-1;92;74;59;82;1;1 
0.010000;1.500006;88;-1;-1;1922;64;99;62;96;-1;-1;1;1 
0.010000;1.400006;86;-1;-1;1783;1979;84;-1;872;86;88;1;1 
0.010000;1.300006;70;83;99;1946;84;-1;85;-1;-1;-1;1;1 
0.010000;1.200006;75;101;116;-1;105;-1;120;1951;-1;-1;1;1 
0.010000;1.100006;-1;-1;-1;85;93;-1;109;80;1931;-1;1;1 
0.010000;1.000005;-1;113;-1;-1;101;141;1978;-1;1595;123;1;1 
0.010000;0.900005;94;1435;100;-1;-1;905;-1;126;99;123;1;1 
0.010000;0.800005;2000;5951;113;-1;-1;133;-1;3903;160;127;1;1 
0.010000;0.700005;131;-1;-1;146;151;126;1582;-1;-1;6052;1;1 
0.010000;0.600005;148;150;-1;-1;10040;-1;-1;-1;106;1527;1;1 
0.010000;0.500005;-1;1642;-1;151;157;896;-1;170;-1;-1;1;1 
0.010000;0.400005;-1;-1;151;-1;884;-1;144;155;-1;198;1;1 
0.010000;0.300005;178;-1;-1;180;-1;188;-1;-1;-1;-1;1;1 
0.010000;0.200005;148;-1;220;178;-1;1958;1390;-1;-1;-1;1;1 
0.010000;0.100005;10256;-1;203;-1;-1;-1;205;-1;3991;-1;1;1 
0.010000;0.000005;1439;1619;1658;203;213;5997;1956;1784;6067;218;1;1 
