flexframegen:
  head          : 7 symbols
  preamble      : 64
  header        : 231 symbols (20 bytes)
  payload       : 2160 symbols (480 bytes)
    payload crc : none
    fec (inner) : none
    fec (outer) : SEC-DEC(72,64)
    mod scheme  : qpsk
  tail          : 7 symbols
  total         : 2469 symbols
  efficiency    : 1.56 bits/second/Hz
BursERRORPercent;SNRdB;bitErrorRate_0;bitErrorRate_1;bitErrorRate_2;bitErrorRate_3;bitErrorRate_4;bitErrorRate_5;bitErrorRate_6;bitErrorRate_7;bitErrorRate_8;bitErrorRate_9;Valid Header,Detected Frame
0.000000;8.000000;0;0;0;0;0;0;0;0;0;0;1;1 
0.000000;7.900000;0;0;0;0;0;0;0;0;0;0;1;1 
0.000000;7.800000;0;0;0;0;0;0;0;0;0;0;1;1 
0.000000;7.700000;0;0;0;0;0;0;0;0;0;0;1;1 
0.000000;7.600000;0;0;1;0;0;0;0;0;0;0;1;1 
0.000000;7.500000;0;0;0;0;0;0;0;0;0;0;1;1 
0.000000;7.400001;0;0;0;0;0;1;0;0;0;0;1;1 
0.000000;7.300001;0;0;0;0;0;0;0;0;0;0;1;1 
0.000000;7.200001;0;2;0;0;0;0;1;0;0;0;1;1 
0.000000;7.100001;0;2;0;0;0;0;0;0;0;0;1;1 
0.000000;7.000001;0;0;0;0;1;0;0;2;0;0;1;1 
0.000000;6.900001;0;1;0;0;1;0;0;0;0;0;1;1 
0.000000;6.800001;0;0;2;0;0;0;0;0;0;0;1;1 
0.000000;6.700001;2;0;0;0;0;2;0;0;2;0;1;1 
0.000000;6.600001;0;2;0;0;0;3;0;0;0;4;1;1 
0.000000;6.500001;0;0;0;0;0;0;0;2;0;0;1;1 
0.000000;6.400002;0;0;0;2;0;0;0;2;3;2;1;1 
0.000000;6.300002;0;0;2;2;0;2;4;0;4;6;1;1 
0.000000;6.200002;0;1;1;4;0;0;0;0;1;2;1;1 
0.000000;6.100002;0;0;0;0;2;0;2;0;0;0;1;1 
0.000000;6.000002;2;0;0;6;2;4;2;0;0;0;1;1 
0.000000;5.900002;7;0;4;0;7;2;7;2;4;4;1;1 
0.000000;5.800002;2;2;0;4;4;7;0;2;1;2;1;1 
0.000000;5.700002;1;3;0;2;4;4;2;2;8;2;1;1 
0.000000;5.600002;2;0;4;5;5;2;1;4;0;4;1;1 
0.000000;5.500002;0;8;2;4;3;1;4;5;4;1;1;1 
0.000000;5.400002;2;2;10;11;2;3;13;11;0;6;1;1 
0.000000;5.300003;4;2;7;11;3;8;7;10;6;0;1;1 
0.000000;5.200003;6;14;8;7;7;13;4;13;4;9;1;1 
0.000000;5.100003;9;13;6;9;4;14;5;7;5;3;1;1 
0.000000;5.000003;14;9;9;6;10;5;9;15;4;6;1;1 
0.000000;4.900003;10;8;18;9;10;9;13;7;10;7;1;1 
0.000000;4.800003;16;10;4;11;21;20;7;6;16;13;1;1 
0.000000;4.700003;12;19;5;12;8;7;35;19;28;0;1;1 
0.000000;4.600003;14;20;18;13;20;21;22;14;10;15;1;1 
0.000000;4.500003;18;13;14;20;11;16;31;14;17;18;1;1 
0.000000;4.400003;17;14;31;10;19;48;27;4;39;19;1;1 
0.000000;4.300004;8;19;32;22;22;25;31;24;32;24;1;1 
0.000000;4.200004;2237;17;22;47;13;19;23;23;43;23;1;1 
0.000000;4.100004;40;30;22;32;24;22;20;46;27;28;1;1 
0.000000;4.000004;21;27;24;38;29;32;30;41;38;32;1;1 
0.000000;3.900004;32;30;32;27;31;57;27;37;26;47;1;1 
0.000000;3.800004;46;27;47;60;23;50;32;55;63;30;1;1 
0.000000;3.700004;38;38;39;41;66;51;47;41;56;54;1;1 
0.000000;3.600004;49;47;44;41;40;64;54;43;44;70;1;1 
0.000000;3.500004;45;68;35;48;51;70;48;-1;46;47;1;1 
0.000000;3.400004;81;53;59;56;71;41;69;78;68;45;1;1 
0.000000;3.300004;1874;41;-1;73;61;73;70;64;66;-1;1;1 
0.000000;3.200005;50;89;60;69;64;59;71;73;82;68;1;1 
0.000000;3.100005;90;54;76;84;62;82;79;58;81;45;1;1 
0.000000;3.000005;1729;65;90;79;79;77;91;86;1826;95;1;1 
0.000000;2.900005;99;105;86;76;99;93;104;-1;88;91;1;1 
0.000000;2.800005;87;92;86;117;129;-1;102;107;80;-1;1;1 
0.000000;2.700005;109;82;86;95;133;111;103;111;132;108;1;1 
0.000000;2.600005;137;108;119;123;10074;133;99;94;104;119;1;1 
0.000000;2.500005;126;131;126;113;140;108;91;138;92;122;1;1 
0.000000;2.400005;128;99;134;131;136;1505;134;163;111;144;1;1 
0.000000;2.300005;141;117;144;128;1701;151;119;157;-1;122;1;1 
0.000000;2.200006;150;115;116;134;142;122;129;1943;124;130;1;1 
0.000000;2.100006;1902;150;134;143;148;152;-1;127;-1;-1;1;1 
0.000000;2.000006;159;128;1857;165;-1;1477;170;155;163;-1;1;1 
0.000000;1.900006;163;1868;186;146;171;-1;197;147;145;151;1;1 
0.000000;1.800006;1959;176;165;198;194;180;3958;203;202;141;1;1 
0.000000;1.700006;1912;187;1894;1898;161;-1;177;207;169;158;1;1 
0.000000;1.600006;190;1961;-1;181;1386;1724;224;185;183;143;1;1 
0.000000;1.500006;218;192;-1;216;180;160;203;184;185;174;1;1 
0.000000;1.400006;215;-1;-1;-1;208;206;3937;10192;1722;218;1;1 
0.000000;1.300006;187;2973;207;236;220;1898;197;1960;-1;3945;1;1 
0.000000;1.200006;-1;1973;-1;-1;223;915;209;1936;214;222;1;1 
0.000000;1.100006;225;242;-1;193;247;-1;201;1894;231;244;1;1 
0.000000;1.000005;1947;1798;241;212;-1;274;241;286;-1;-1;1;1 
0.000000;0.900005;269;230;-1;239;-1;-1;245;222;243;-1;1;1 
0.000000;0.800005;1855;256;273;898;-1;248;-1;-1;-1;242;1;1 
0.000000;0.700005;2609;10140;-1;-1;277;-1;289;-1;-1;270;1;1 
0.000000;0.600005;1956;241;-1;-1;-1;269;1397;266;1863;881;1;1 
0.000000;0.500005;-1;895;1927;-1;-1;-1;1867;-1;-1;289;1;1 
0.000000;0.400005;1155;-1;967;-1;-1;-1;-1;1922;299;905;1;1 
0.000000;0.300005;918;1859;5795;5985;-1;1881;310;3942;-1;-1;1;1 
0.000000;0.200005;-1;328;-1;369;-1;-1;1952;349;337;-1;1;1 
0.000000;0.100005;-1;1607;315;-1;354;-1;-1;1828;1945;1914;1;1 
0.000000;0.000005;-1;294;-1;365;313;-1;-1;1895;359;8129;1;1 
