flexframegen:
  head          : 7 symbols
  preamble      : 64
  header        : 231 symbols (20 bytes)
  payload       : 1920 symbols (480 bytes)
    payload crc : none
    fec (inner) : none
    fec (outer) : none
    mod scheme  : qpsk
  tail          : 7 symbols
  total         : 2229 symbols
  efficiency    : 1.72 bits/second/Hz
BursERRORPercent;SNRdB;bitErrorRate_0;bitErrorRate_1;bitErrorRate_2;bitErrorRate_3;bitErrorRate_4;bitErrorRate_5;bitErrorRate_6;bitErrorRate_7;bitErrorRate_8;bitErrorRate_9;Valid Header,Detected Frame
0.000000;8.000000;0;0;0;3;2;2;1;0;0;2;1;1 
0.000000;7.900000;3;1;0;0;0;1;1;0;0;3;1;1 
0.000000;7.800000;3;0;1;1;2;0;1;2;0;3;1;1 
0.000000;7.700000;0;1;1;2;2;0;1;1;3;3;1;1 
0.000000;7.600000;3;0;2;0;0;2;3;2;2;2;1;1 
0.000000;7.500000;0;1;5;1;1;1;1;0;1;0;1;1 
0.000000;7.400001;6;2;1;1;2;1;4;2;2;1;1;1 
0.000000;7.300001;2;5;1;3;3;1;1;1;3;2;1;1 
0.000000;7.200001;3;7;7;3;1;2;4;4;4;3;1;1 
0.000000;7.100001;3;1;3;4;5;2;2;3;3;2;1;1 
0.000000;7.000001;4;4;1;5;8;7;2;2;1;3;1;1 
0.000000;6.900001;2;2;7;2;4;1;1;0;3;9;1;1 
0.000000;6.800001;6;8;4;2;5;4;8;7;3;3;1;1 
0.000000;6.700001;4;3;2;6;8;6;4;7;10;5;1;1 
0.000000;6.600001;3;3;9;6;5;6;4;4;8;4;1;1 
0.000000;6.500001;7;4;8;3;5;5;6;3;7;10;1;1 
0.000000;6.400002;6;10;9;8;4;6;11;4;5;4;1;1 
0.000000;6.300002;6;5;4;9;7;5;6;10;3;10;1;1 
0.000000;6.200002;9;12;8;6;8;9;12;11;13;9;1;1 
0.000000;6.100002;15;10;8;7;8;10;4;11;9;8;1;1 
0.000000;6.000002;8;16;11;14;15;7;7;8;14;12;1;1 
0.000000;5.900002;7;12;14;7;7;14;15;5;15;7;1;1 
0.000000;5.800002;11;26;8;17;11;14;13;13;13;11;1;1 
0.000000;5.700002;18;9;13;18;7;12;8;16;13;12;1;1 
0.000000;5.600002;20;14;20;14;20;13;12;10;16;18;1;1 
0.000000;5.500002;16;16;15;17;17;16;18;17;17;14;1;1 
0.000000;5.400002;13;14;26;18;15;25;15;12;22;17;1;1 
0.000000;5.300003;16;12;19;12;21;17;18;19;19;24;1;1 
0.000000;5.200003;24;24;29;31;32;25;21;17;21;17;1;1 
0.000000;5.100003;27;19;19;24;17;17;23;27;25;21;1;1 
0.000000;5.000003;23;17;29;21;33;22;23;24;31;27;1;1 
0.000000;4.900003;18;24;28;18;40;26;29;32;16;24;1;1 
0.000000;4.800003;29;36;42;25;4107;28;32;31;20;36;1;1 
0.000000;4.700003;27;30;33;40;33;36;33;32;34;30;1;1 
0.000000;4.600003;39;32;35;27;35;46;27;45;22;43;1;1 
0.000000;4.500003;36;36;42;46;31;35;38;41;37;30;1;1 
0.000000;4.400003;36;47;35;41;49;35;45;50;45;30;1;1 
0.000000;4.300004;31;43;59;45;59;41;41;41;52;47;1;1 
0.000000;4.200004;34;42;48;40;46;39;43;40;44;51;1;1 
0.000000;4.100004;47;54;58;55;55;66;62;47;55;49;1;1 
0.000000;4.000004;55;63;69;70;48;51;41;41;56;54;1;1 
0.000000;3.900004;61;58;57;51;56;71;63;59;47;56;1;1 
0.000000;3.800004;68;62;62;64;71;56;67;53;58;46;1;1 
0.000000;3.700004;68;67;75;59;62;64;53;62;68;61;1;1 
0.000000;3.600004;58;71;67;79;60;83;47;60;66;73;1;1 
0.000000;3.500004;77;75;66;66;75;76;53;76;60;62;1;1 
0.000000;3.400004;55;78;88;71;73;108;86;55;83;79;1;1 
0.000000;3.300004;72;85;-1;85;79;80;64;90;78;89;1;1 
0.000000;3.200005;86;92;106;94;77;89;101;84;75;75;1;1 
0.000000;3.100005;91;102;84;74;76;102;68;86;-1;83;1;1 
0.000000;3.000005;93;88;-1;100;118;112;108;110;87;116;1;1 
0.000000;2.900005;84;100;122;1946;102;85;-1;-1;84;107;1;1 
0.000000;2.800005;107;-1;98;98;118;104;103;133;107;99;1;1 
0.000000;2.700005;87;109;117;119;109;1896;141;109;106;105;1;1 
0.000000;2.600005;110;99;109;118;229;129;-1;111;128;111;1;1 
0.000000;2.500005;157;125;1451;117;-1;62;107;134;119;122;1;1 
0.000000;2.400005;135;134;124;119;111;126;145;130;138;107;1;1 
0.000000;2.300005;110;134;143;145;137;124;102;140;143;155;1;1 
0.000000;2.200006;144;130;143;144;138;165;-1;160;152;99;1;1 
0.000000;2.100006;1314;174;174;148;146;-1;164;157;130;-1;1;1 
0.000000;2.000006;167;159;158;160;165;146;160;169;152;179;1;1 
0.000000;1.900006;158;191;157;-1;173;151;170;120;148;142;1;1 
0.000000;1.800006;-1;161;174;-1;241;168;-1;174;-1;-1;1;1 
0.000000;1.700006;-1;-1;178;1908;-1;183;179;139;189;199;1;1 
0.000000;1.600006;161;165;197;187;158;89;1913;200;179;194;1;1 
0.000000;1.500006;-1;208;184;-1;-1;-1;186;202;179;151;1;1 
0.000000;1.400006;-1;214;186;210;189;-1;191;1574;220;138;1;1 
0.000000;1.300006;-1;233;209;212;2265;314;3170;-1;204;198;1;1 
0.000000;1.200006;247;201;-1;-1;1953;197;206;228;260;215;1;1 
0.000000;1.100006;216;214;178;-1;-1;-1;-1;240;265;216;1;1 
0.000000;1.000005;-1;-1;248;-1;247;235;265;251;1580;240;1;1 
0.000000;0.900005;1892;-1;251;2231;-1;-1;249;-1;235;-1;1;1 
0.000000;0.800005;-1;1724;297;-1;197;-1;223;1938;-1;4390;1;1 
0.000000;0.700005;240;-1;-1;259;254;1912;1389;272;308;-1;1;1 
0.000000;0.600005;1771;-1;255;179;214;222;200;246;-1;240;1;1 
0.000000;0.500005;-1;273;-1;1437;-1;334;-1;-1;306;249;1;1 
0.000000;0.400005;10249;296;311;-1;-1;314;-1;240;-1;-1;1;1 
0.000000;0.300005;-1;6039;289;288;-1;263;-1;299;-1;-1;1;1 
0.000000;0.200005;207;1482;-1;-1;-1;-1;2411;-1;6120;-1;1;1 
0.000000;0.100005;-1;4409;244;304;-1;1750;232;-1;10531;1938;1;1 
0.000000;0.000005;332;-1;-1;318;-1;-1;5830;1959;-1;3926;1;1 
