flexframegen:
  head          : 7 symbols
  preamble      : 64
  header        : 231 symbols (20 bytes)
  payload       : 3840 symbols (480 bytes)
    payload crc : none
    fec (inner) : none
    fec (outer) : Hamming(8,4)
    mod scheme  : qpsk
  tail          : 7 symbols
  total         : 4149 symbols
  efficiency    : 0.93 bits/second/Hz
BursERRORPercent;SNRdB;bitErrorRate_0;bitErrorRate_1;bitErrorRate_2;bitErrorRate_3;bitErrorRate_4;bitErrorRate_5;bitErrorRate_6;bitErrorRate_7;bitErrorRate_8;bitErrorRate_9;Valid Header,Detected Frame
0.000000;8.000000;0;0;0;0;0;0;0;0;0;0;1;1 
0.000000;7.900000;0;0;0;0;0;0;0;0;0;0;1;1 
0.000000;7.800000;0;0;0;0;0;0;0;0;0;0;1;1 
0.000000;7.700000;0;0;0;0;0;0;0;0;0;0;1;1 
0.000000;7.600000;0;0;0;0;0;0;0;0;0;0;1;1 
0.000000;7.500000;0;0;0;0;0;0;0;0;0;0;1;1 
0.000000;7.400001;0;0;0;0;0;0;0;0;0;0;1;1 
0.000000;7.300001;0;0;0;0;0;0;0;0;0;0;1;1 
0.000000;7.200001;0;0;0;0;0;0;0;0;0;0;1;1 
0.000000;7.100001;0;0;0;0;0;0;0;0;0;0;1;1 
0.000000;7.000001;0;0;0;0;0;0;0;0;0;0;1;1 
0.000000;6.900001;0;0;0;0;0;0;0;0;0;0;1;1 
0.000000;6.800001;1;0;0;0;0;0;0;0;0;0;1;1 
0.000000;6.700001;0;0;0;0;0;0;0;0;0;0;1;1 
0.000000;6.600001;0;0;0;0;0;0;0;0;0;0;1;1 
0.000000;6.500001;0;0;0;0;0;1;0;0;0;0;1;1 
0.000000;6.400002;0;0;0;0;0;0;0;0;0;0;1;1 
0.000000;6.300002;0;0;0;0;0;0;0;0;0;1;1;1 
0.000000;6.200002;0;0;0;0;0;0;0;2;0;0;1;1 
0.000000;6.100002;0;0;2;0;0;0;0;0;0;1;1;1 
0.000000;6.000002;0;0;0;0;0;0;0;0;0;2;1;1 
0.000000;5.900002;2;1;0;2;1;0;0;0;2;0;1;1 
0.000000;5.800002;0;3;2;0;0;0;0;0;0;0;1;1 
0.000000;5.700002;2;1;1;0;1;0;5;1;2;0;1;1 
0.000000;5.600002;0;0;2;0;0;0;0;0;0;0;1;1 
0.000000;5.500002;1;0;1;3;1;2;0;0;0;0;1;1 
0.000000;5.400002;2;0;0;2;0;2;1;2;3;0;1;1 
0.000000;5.300003;2;2;0;3;1;1;3;2;1;2;1;1 
0.000000;5.200003;1;2;1;0;4;0;1;3;0;0;1;1 
0.000000;5.100003;0;0;0;0;3;1;0;0;1;1;1;1 
0.000000;5.000003;2;0;3;0;0;2;1;2;0;0;1;1 
0.000000;4.900003;5;0;3;2;8;0;3;1;0;0;1;1 
0.000000;4.800003;0;2;0;0;3;0;5;3;1;3;1;1 
0.000000;4.700003;1;2;5;0;0;0;10;0;0;3;1;1 
0.000000;4.600003;5;1;0;4;6;3;0;2;12;4;1;1 
0.000000;4.500003;4;3;3;0;1;6;4;2;8;3;1;1 
0.000000;4.400003;11;0;8;0;4;1;6;2;6;4;1;1 
0.000000;4.300004;3;5;5;4;7;1;8;2;4;2;1;1 
0.000000;4.200004;3;6;5;1;4;5;0;5;4;7;1;1 
0.000000;4.100004;6;4;6;4;5;6;6;5;2;2;1;1 
0.000000;4.000004;4;4;8;7;2;8;0;2;1908;10;1;1 
0.000000;3.900004;5;5;3921;5;1;5;14;9;8;13;1;1 
0.000000;3.800004;2;3;13;12;4;9;7;-1;13;7;1;1 
0.000000;3.700004;3;6;8;3;10;28;7;11;10;10;1;1 
0.000000;3.600004;9;3;12;14;5;11;6;11;18;11;1;1 
0.000000;3.500004;9;13;20;9;13;10;7;11;11;6;1;1 
0.000000;3.400004;12;15;12;17;15;4;8;12;4;13;1;1 
0.000000;3.300004;14;15;21;18;12;22;13;16;15;11;1;1 
0.000000;3.200005;18;6;23;11;25;16;19;11;29;17;1;1 
0.000000;3.100005;28;21;9;11;21;-1;8;28;23;19;1;1 
0.000000;3.000005;-1;18;22;14;26;16;11;30;19;17;1;1 
0.000000;2.900005;28;17;-1;31;38;31;-1;26;28;31;1;1 
0.000000;2.800005;19;28;26;26;21;33;909;33;31;31;1;1 
0.000000;2.700005;25;22;12;19;31;33;15;15;12;17;1;1 
0.000000;2.600005;30;21;35;22;20;42;-1;23;25;21;1;1 
0.000000;2.500005;32;33;24;30;-1;36;24;31;27;25;1;1 
0.000000;2.400005;45;-1;26;26;36;1537;35;29;23;22;1;1 
0.000000;2.300005;-1;33;-1;54;28;38;57;40;52;-1;1;1 
0.000000;2.200006;34;30;43;54;47;45;1927;45;46;39;1;1 
0.000000;2.100006;-1;48;1826;41;56;37;46;44;47;46;1;1 
0.000000;2.000006;-1;-1;60;-1;-1;50;46;55;54;48;1;1 
0.000000;1.900006;61;47;56;49;60;1906;36;53;49;49;1;1 
0.000000;1.800006;54;-1;1964;59;-1;1930;61;1871;51;-1;1;1 
0.000000;1.700006;86;50;-1;78;75;57;74;-1;43;1825;1;1 
0.000000;1.600006;64;49;-1;54;76;61;66;72;1403;74;1;1 
0.000000;1.500006;1467;55;4003;92;-1;81;-1;86;1930;49;1;1 
0.000000;1.400006;88;1949;631;10041;92;1898;70;83;62;67;1;1 
0.000000;1.300006;1935;60;-1;1777;68;81;95;59;76;75;1;1 
0.000000;1.200006;1826;-1;101;121;1404;-1;-1;67;-1;1487;1;1 
0.000000;1.100006;61;78;77;92;113;127;118;103;-1;79;1;1 
0.000000;1.000005;107;-1;-1;75;107;-1;1952;1939;1916;98;1;1 
0.000000;0.900005;137;1903;107;112;-1;-1;128;114;121;-1;1;1 
0.000000;0.800005;-1;1900;-1;-1;112;-1;-1;1787;889;-1;1;1 
0.000000;0.700005;-1;-1;-1;-1;-1;-1;129;-1;1441;-1;1;1 
0.000000;0.600005;-1;144;-1;147;-1;-1;1938;122;-1;144;1;1 
0.000000;0.500005;169;-1;-1;150;-1;-1;150;-1;2340;-1;1;1 
0.000000;0.400005;153;-1;1687;-1;-1;-1;142;176;1995;1619;1;1 
0.000000;0.300005;-1;1901;154;-1;-1;-1;-1;-1;-1;-1;1;1 
0.000000;0.200005;1914;-1;199;-1;-1;-1;-1;-1;1890;-1;1;1 
0.000000;0.100005;-1;1799;-1;-1;-1;2006;-1;1901;5966;-1;1;1 
0.000000;0.000005;-1;-1;-1;-1;-1;-1;271;1933;-1;203;1;1 
