flexframegen:
  head          : 7 symbols
  preamble      : 64
  header        : 231 symbols (20 bytes)
  payload       : 3840 symbols (480 bytes)
    payload crc : none
    fec (inner) : none
    fec (outer) : Golay(24,12)
    mod scheme  : qpsk
  tail          : 7 symbols
  total         : 4149 symbols
  efficiency    : 0.93 bits/second/Hz
BursERRORPercent;SNRdB;bitErrorRate_0;bitErrorRate_1;bitErrorRate_2;bitErrorRate_3;bitErrorRate_4;bitErrorRate_5;bitErrorRate_6;bitErrorRate_7;bitErrorRate_8;bitErrorRate_9;Valid Header,Detected Frame
0.000000;8.000000;0;0;0;0;0;0;0;0;0;0;1;1 
0.000000;7.900000;0;0;0;0;0;0;0;0;0;0;1;1 
0.000000;7.800000;0;0;0;0;0;0;0;0;0;0;1;1 
0.000000;7.700000;0;0;0;0;0;0;0;0;0;0;1;1 
0.000000;7.600000;0;0;0;0;0;0;0;0;0;0;1;1 
0.000000;7.500000;0;0;0;0;0;0;0;0;0;0;1;1 
0.000000;7.400001;0;0;0;0;0;0;0;0;0;0;1;1 
0.000000;7.300001;0;0;0;0;0;0;0;0;0;0;1;1 
0.000000;7.200001;0;0;0;0;0;0;0;0;0;0;1;1 
0.000000;7.100001;0;0;0;0;0;0;0;0;0;0;1;1 
0.000000;7.000001;0;0;0;0;0;0;0;0;0;0;1;1 
0.000000;6.900001;0;0;0;0;0;0;0;0;0;0;1;1 
0.000000;6.800001;0;0;0;0;0;0;0;0;0;0;1;1 
0.000000;6.700001;0;0;0;0;0;0;0;0;0;0;1;1 
0.000000;6.600001;0;0;0;0;0;0;0;0;0;0;1;1 
0.000000;6.500001;0;0;0;0;0;0;0;0;0;0;1;1 
0.000000;6.400002;0;0;0;0;0;0;0;0;0;0;1;1 
0.000000;6.300002;0;0;0;0;0;0;0;0;0;0;1;1 
0.000000;6.200002;0;0;0;0;0;0;0;0;0;0;1;1 
0.000000;6.100002;0;0;0;0;0;0;0;0;0;0;1;1 
0.000000;6.000002;0;0;0;0;0;0;0;0;0;0;1;1 
0.000000;5.900002;0;0;0;0;0;0;0;0;0;0;1;1 
0.000000;5.800002;0;0;0;0;0;0;0;0;0;0;1;1 
0.000000;5.700002;0;0;0;0;0;0;0;0;0;0;1;1 
0.000000;5.600002;0;0;0;0;0;0;0;0;0;0;1;1 
0.000000;5.500002;0;0;0;0;0;0;0;0;0;0;1;1 
0.000000;5.400002;0;0;0;0;0;0;0;0;0;0;1;1 
0.000000;5.300003;0;0;0;0;0;0;0;0;0;0;1;1 
0.000000;5.200003;0;0;0;0;0;0;2;0;0;0;1;1 
0.000000;5.100003;0;0;0;0;0;0;0;0;0;0;1;1 
0.000000;5.000003;0;0;0;0;0;1;0;0;0;0;1;1 
0.000000;4.900003;0;0;0;0;0;0;0;0;0;0;1;1 
0.000000;4.800003;0;0;0;0;0;0;0;0;0;0;1;1 
0.000000;4.700003;0;0;0;0;0;-1;0;0;0;0;1;1 
0.000000;4.600003;0;1;0;0;0;0;3;0;0;0;1;1 
0.000000;4.500003;0;0;0;0;0;0;0;0;0;0;1;1 
0.000000;4.400003;0;2;0;0;0;0;0;0;0;0;1;1 
0.000000;4.300004;0;0;0;0;0;0;0;0;0;0;1;1 
0.000000;4.200004;0;0;0;0;0;0;0;0;0;0;1;1 
0.000000;4.100004;0;0;0;0;0;0;0;0;0;0;1;1 
0.000000;4.000004;0;0;0;0;0;0;0;0;0;0;1;1 
0.000000;3.900004;0;0;0;1;0;0;0;0;0;0;1;1 
0.000000;3.800004;0;0;0;0;4;3947;0;0;3;0;1;1 
0.000000;3.700004;0;0;1;0;0;0;0;0;0;0;1;1 
0.000000;3.600004;0;0;0;0;0;0;0;0;0;3;1;1 
0.000000;3.500004;0;0;0;0;0;0;0;0;0;1;1;1 
0.000000;3.400004;0;0;3;0;0;0;0;0;0;0;1;1 
0.000000;3.300004;0;0;4;0;0;0;0;0;2;0;1;1 
0.000000;3.200005;-1;3;0;1;0;0;1;1;0;0;1;1 
0.000000;3.100005;-1;3;4;-1;0;0;3;2;0;4;1;1 
0.000000;3.000005;0;0;0;0;0;2;2;0;0;-1;1;1 
0.000000;2.900005;1;2;1751;7;8;3;3;1;0;0;1;1 
0.000000;2.800005;9;7;1912;7;-1;7;3;0;-1;0;1;1 
0.000000;2.700005;1665;2;5;6;12;5;6;4;5;4;1;1 
0.000000;2.600005;5;1;13;6;3;4;2;-1;2;2;1;1 
0.000000;2.500005;3;9;3;-1;1;4;0;4;3;1;1;1 
0.000000;2.400005;9;6;2;1;5;0;13;0;3952;8;1;1 
0.000000;2.300005;13;-1;17;0;9;6;3;0;12;4;1;1 
0.000000;2.200006;8;7;12;1;-1;1;-1;4;5;10;1;1 
0.000000;2.100006;10;7;-1;10;6;10;-1;11;0;1937;1;1 
0.000000;2.000006;11;8;13;22;11;5975;-1;6;5;11;1;1 
0.000000;1.900006;7;6;19;10;1838;10;14;1865;2;10;1;1 
0.000000;1.800006;20;21;-1;17;-1;1907;10;1511;30;23;1;1 
0.000000;1.700006;-1;11;-1;-1;21;9;22;21;19;33;1;1 
0.000000;1.600006;19;11;28;30;40;14;30;29;27;28;1;1 
0.000000;1.500006;17;17;5;1642;-1;27;26;14;-1;-1;1;1 
0.000000;1.400006;43;1758;18;1953;24;32;1933;5925;1427;19;1;1 
0.000000;1.300006;-1;19;21;26;-1;3920;32;1954;12;-1;1;1 
0.000000;1.200006;52;-1;-1;17;58;40;-1;-1;50;27;1;1 
0.000000;1.100006;26;36;1829;-1;38;-1;31;28;-1;51;1;1 
0.000000;1.000005;37;-1;-1;38;38;25;1670;1943;34;-1;1;1 
0.000000;0.900005;1870;-1;-1;51;29;35;-1;2020;-1;-1;1;1 
0.000000;0.800005;66;34;4673;1969;44;-1;9626;1507;60;-1;1;1 
0.000000;0.700005;44;-1;1865;48;-1;44;42;-1;1969;-1;1;1 
0.000000;0.600005;-1;-1;-1;79;-1;-1;-1;51;72;-1;1;1 
0.000000;0.500005;57;-1;75;6089;-1;-1;-1;-1;-1;43;1;1 
0.000000;0.400005;-1;-1;1922;93;-1;-1;1944;-1;-1;-1;1;1 
0.000000;0.300005;87;1885;-1;-1;-1;-1;828;89;-1;-1;1;1 
0.000000;0.200005;84;-1;81;657;1954;-1;-1;-1;96;6036;1;1 
0.000000;0.100005;1775;-1;-1;-1;-1;2004;-1;-1;-1;-1;1;1 
0.000000;0.000005;-1;-1;-1;-1;-1;-1;148;106;-1;-1;1;1 
