flexframegen:
  head          : 7 symbols
  preamble      : 64
  header        : 231 symbols (20 bytes)
  payload       : 2880 symbols (480 bytes)
    payload crc : none
    fec (inner) : none
    fec (outer) : SEC-DEC(22,16)
    mod scheme  : qpsk
  tail          : 7 symbols
  total         : 3189 symbols
  efficiency    : 1.20 bits/second/Hz
BursERRORPercent;SNRdB;bitErrorRate_0;bitErrorRate_1;bitErrorRate_2;bitErrorRate_3;bitErrorRate_4;bitErrorRate_5;bitErrorRate_6;bitErrorRate_7;bitErrorRate_8;bitErrorRate_9;Valid Header,Detected Frame
0.000000;8.000000;0;0;0;0;0;0;0;0;0;0;1;1 
0.000000;7.900000;0;0;0;0;0;0;0;0;0;0;1;1 
0.000000;7.800000;0;0;0;0;0;0;0;0;0;0;1;1 
0.000000;7.700000;0;0;0;0;0;0;0;0;0;0;1;1 
0.000000;7.600000;0;0;0;0;0;0;0;0;0;0;1;1 
0.000000;7.500000;0;0;0;0;0;0;0;0;0;0;1;1 
0.000000;7.400001;0;0;0;0;0;0;0;0;0;0;1;1 
0.000000;7.300001;0;0;0;0;0;0;0;0;0;0;1;1 
0.000000;7.200001;1;0;0;0;0;0;0;0;0;0;1;1 
0.000000;7.100001;0;0;0;0;0;0;0;0;0;0;1;1 
0.000000;7.000001;0;0;0;0;0;0;0;0;0;0;1;1 
0.000000;6.900001;0;1;0;0;0;0;0;0;0;2;1;1 
0.000000;6.800001;0;0;0;0;0;0;0;0;0;0;1;1 
0.000000;6.700001;0;1;0;0;0;0;0;2;0;0;1;1 
0.000000;6.600001;1;0;0;0;0;0;0;0;0;0;1;1 
0.000000;6.500001;0;0;0;0;0;0;0;0;0;1;1;1 
0.000000;6.400002;0;0;0;0;0;2;0;0;0;0;1;1 
0.000000;6.300002;0;0;0;0;2;0;0;0;0;0;1;1 
0.000000;6.200002;0;2;2;2;0;0;0;1;0;0;1;1 
0.000000;6.100002;1;0;0;3;0;0;2;0;0;0;1;1 
0.000000;6.000002;0;0;0;2;0;0;0;1;0;0;1;1 
0.000000;5.900002;2;0;0;0;1;0;2;0;1;2;1;1 
0.000000;5.800002;0;0;2;0;0;4;0;0;4;0;1;1 
0.000000;5.700002;1;0;1;0;2;2;2;2;1;2;1;1 
0.000000;5.600002;3;0;0;0;1;0;2;0;3;0;1;1 
0.000000;5.500002;0;2;1;2;2;2;3;3;2;1;1;1 
0.000000;5.400002;0;0;0;2;2;2;1;0;0;3;1;1 
0.000000;5.300003;0;0;0;0;1;0;0;7;0;2;1;1 
0.000000;5.200003;2;0;2;4;1;2;2;8;2;0;1;1 
0.000000;5.100003;4;1;1;4;5;1;8;5;2;3;1;1 
0.000000;5.000003;0;4;4;1;2;2;1;0;3;6;1;1 
0.000000;4.900003;5;1;4;2;8;6;9;7;5;3;1;1 
0.000000;4.800003;2;0;4;6;5;7;6;6;9;10;1;1 
0.000000;4.700003;4;6;1;0;3;3;0;5;10;11;1;1 
0.000000;4.600003;3;1;5;1;6;5;6;5;2;3;1;1 
0.000000;4.500003;5;9;6;13;11;6;14;6;7;8;1;1 
0.000000;4.400003;14;5;8;12;9;10;7;11;8;5;1;1 
0.000000;4.300004;10;5;6;11;7;9;15;12;9;9;1;1 
0.000000;4.200004;16;23;10;7;11;7;23;12;12;15;1;1 
0.000000;4.100004;15;7;7;13;13;3;18;-1;20;7;1;1 
0.000000;4.000004;8;16;12;13;13;11;14;6;9;16;1;1 
0.000000;3.900004;18;19;9;11;20;7;24;20;10;12;1;1 
0.000000;3.800004;9;19;16;32;26;12;10;18;18;10;1;1 
0.000000;3.700004;21;16;18;15;20;8;32;23;15;15;1;1 
0.000000;3.600004;18;21;12;30;-1;28;18;31;18;30;1;1 
0.000000;3.500004;16;36;33;37;21;38;15;35;20;29;1;1 
0.000000;3.400004;30;1986;24;20;29;24;31;18;25;28;1;1 
0.000000;3.300004;33;31;31;29;33;31;26;23;24;-1;1;1 
0.000000;3.200005;22;38;35;46;1580;32;31;-1;61;30;1;1 
0.000000;3.100005;35;40;36;21;40;34;33;34;1957;40;1;1 
0.000000;3.000005;1955;40;38;23;19;44;54;20;51;31;1;1 
0.000000;2.900005;40;49;44;41;51;40;44;43;51;-1;1;1 
0.000000;2.800005;48;55;44;58;52;66;59;41;1678;49;1;1 
0.000000;2.700005;49;68;68;73;67;1936;51;46;44;39;1;1 
0.000000;2.600005;53;63;69;35;47;56;-1;63;68;56;1;1 
0.000000;2.500005;67;-1;58;89;55;55;78;67;69;49;1;1 
0.000000;2.400005;83;34;81;83;-1;63;55;64;77;71;1;1 
0.000000;2.300005;88;119;72;89;4058;-1;69;86;90;81;1;1 
0.000000;2.200006;64;1457;-1;65;88;1911;57;6002;101;68;1;1 
0.000000;2.100006;1519;74;107;74;98;84;98;114;99;100;1;1 
0.000000;2.000006;129;-1;101;101;91;77;94;-1;69;93;1;1 
0.000000;1.900006;108;-1;1882;92;1917;87;86;108;94;-1;1;1 
0.000000;1.800006;134;101;-1;-1;89;125;89;105;115;92;1;1 
0.000000;1.700006;113;2015;1970;1461;89;1983;-1;-1;-1;125;1;1 
0.000000;1.600006;1972;-1;109;1811;112;131;143;-1;109;139;1;1 
0.000000;1.500006;144;137;139;-1;871;179;119;-1;152;117;1;1 
0.000000;1.400006;135;174;155;175;144;1953;160;2052;127;1979;1;1 
0.000000;1.300006;154;147;161;153;-1;139;150;118;147;-1;1;1 
0.000000;1.200006;153;171;-1;1769;137;-1;164;1986;1665;-1;1;1 
0.000000;1.100006;184;-1;181;1217;1946;177;-1;143;-1;-1;1;1 
0.000000;1.000005;-1;2991;-1;206;197;1833;-1;1709;1931;168;1;1 
0.000000;0.900005;168;181;-1;-1;-1;189;164;-1;181;187;1;1 
0.000000;0.800005;1900;-1;190;-1;-1;-1;247;-1;-1;1927;1;1 
0.000000;0.700005;-1;1934;180;-1;-1;1927;-1;-1;2987;1895;1;1 
0.000000;0.600005;-1;-1;207;-1;5982;-1;889;-1;1762;236;1;1 
0.000000;0.500005;-1;-1;-1;3196;-1;1947;-1;5942;245;-1;1;1 
0.000000;0.400005;1931;-1;210;238;1913;246;1953;-1;205;-1;1;1 
0.000000;0.300005;-1;263;254;275;-1;-1;-1;1876;-1;-1;1;1 
0.000000;0.200005;287;-1;-1;-1;-1;-1;-1;-1;-1;-1;1;1 
0.000000;0.100005;-1;269;-1;-1;-1;1429;-1;1687;-1;-1;1;1 
0.000000;0.000005;-1;1901;-1;295;-1;-1;-1;1773;-1;-1;1;1 
